202
-5.22591 -10.6026 1.27112
-0.347026 -0.560878 -0.278845 0.698021
-10.7707 -2.32346 2.58774
-0.375182 -0.541558 -0.293289 0.692774
-15.417 5.01457 3.74349
-0.375182 -0.541558 -0.293289 0.692774
-18.714 10.2217 4.56363
-0.375182 -0.541558 -0.293289 0.692774
-15.9582 10.4728 12.272
-0.452211 -0.369494 -0.21333 0.783243
-10.6572 12.6923 16.4662
-0.4657 -0.164219 -0.0884055 0.865067
-0.76214 12.6923 19.0787
-0.467646 -0.00699315 -0.00369995 0.883881
3.56205 14.197 20.9162
-0.440769 0.0679293 0.0334754 0.89442
11.3893 14.197 16.7256
-0.422941 0.250623 0.122956 0.862085
19.6952 14.197 8.93362
-0.395257 0.438172 0.223227 0.775852
19.874 12.6076 -1.87275
-0.316463 0.655205 0.352264 0.588615
16.2251 8.37788 -10.1068
-0.246436 0.7525 0.408194 0.454302
8.98884 3.43272 -15.7964
-0.119613 0.871405 0.396565 0.262835
-3.94259 2.30103 -22.0423
0.0149182 0.94274 0.330464 -0.0425582
-13.6144 2.30103 -18.905
0.0988667 0.896863 0.347489 -0.255173
-17.8916 3.81522 -12.6963
0.196131 0.799725 0.353178 -0.444114
-20.7977 4.89779 -2.94629
-0.175102 -0.650862 -0.157926 0.721649
-18.2982 4.89779 6.48377
-0.251254 -0.506591 -0.157209 0.809643
-10.1245 0.97939 8.14751
-0.297354 -0.310365 -0.102882 0.897034
-10.3838 6.06271 12.8888
-0.393418 -0.271423 -0.122773 0.869758
-13.2411 11.7767 17.021
-0.393418 -0.271423 -0.122773 0.869758
-15.8592 17.0123 20.8073
-0.393418 -0.271423 -0.122773 0.869758
-13.5556 20.5892 23.6171
-0.368907 -0.201959 -0.0824611 0.903505
-8.22363 20.5892 25.7776
-0.386219 -0.10946 -0.0462169 0.914723
-0.74628 22.8598 26.3401
-0.393093 0.0598629 0.0256563 0.917189
4.73288 23.4483 27.2775
-0.350839 0.11449 0.0432651 0.928403
8.42614 23.4483 26.195
-0.403745 0.171046 0.0771243 0.895425
5.83689 13.8235 19.3482
-0.416099 0.155727 0.0725666 0.892942
16.0745 18.4657 17.8998
-0.379645 0.367685 0.167738 0.832191
24.711 22.8688 12.2134
-0.372573 0.479379 0.235329 0.75895
27.8839 22.8688 1.59817
-0.308824 0.627529 0.298397 0.649457
30.6142 26.0844 -5.34129
-0.241288 0.719916 0.30109 0.576928
30.103 23.2195 -7.33616
-0.227189 0.74401 0.30891 0.547183
27.4832 23.2195 -14.4198
-0.181528 0.806938 0.314425 0.465871
25.2627 23.2195 -18.2506
-0.16074 0.83481 0.322215 0.416452
21.7172 23.2195 -22.3852
-0.125806 0.874051 0.340163 0.323259
15.1041 23.2195 -26.2425
-0.0877175 0.896805 0.381472 0.206216
5.54562 24.9133 -29.8674
-0.0294336 0.904183 0.421424 0.0631511
-1.0212 27.4173 -32.1015
4.33805e-005 0.90705 0.421023 -9.34588e-005
-6.50134 25.7421 -30.6846
0.0117118 0.904651 0.425263 -0.0249142
-6.33385 21.4608 -27.141
0.0100452 0.904745 0.425299 -0.0213694
-8.51602 21.4608 -27.115
0.0134908 0.903559 0.427301 -0.0285273
-10.5605 18.932 -24.9059
0.0556941 0.90511 0.402477 -0.125248
-15.3084 16.4571 -21.2465
0.0812558 0.905481 0.364295 -0.201967
-13.8415 12.4958 -17.7713
0.0792787 0.903919 0.3741 -0.191557
-16.8731 12.4958 -16.5148
0.118075 0.880367 0.351512 -0.295721
-23.1553 16.4967 -16.6023
0.15734 0.842496 0.355132 -0.373264
-30.1861 20.5146 -12.0356
0.207861 0.783815 0.344363 -0.473119
-35.1974 23.6703 -6.95779
-0.252724 -0.70663 -0.304421 0.586629
-35.2376 23.6703 -0.420978
-0.312135 -0.607327 -0.281129 0.674309
-34.676 23.6703 4.93794
-0.312135 -0.607327 -0.281129 0.674309
-33.9991 23.6703 11.3961
-0.278289 -0.54882 -0.200335 0.762377
-31.1395 23.6703 17.4245
-0.316533 -0.462018 -0.18089 0.808471
-22.53 19.5013 23.3408
-0.323399 -0.367668 -0.138115 0.860905
-17.568 19.5013 27.6654
-0.318901 -0.285419 -0.101349 0.898091
-12.2858 16.9625 28.5904
-0.347437 -0.177111 -0.0670034 0.918384
-3.21208 11.762 25.8103
-0.375316 -0.0612761 -0.0248751 0.924535
6.47761 10.5516 24.1067
-0.320244 0.132589 0.0453198 0.936915
15.783 8.70762 19.4311
-0.315065 0.339538 0.121864 0.877837
20.8226 7.41759 11.829
-0.229532 0.482134 0.132527 0.835044
28.5633 11.3198 -2.05852
-0.168086 0.724034 0.189709 0.641508
30.6897 20.7575 -6.20791
-0.22179 0.728769 0.275707 0.586251
29.9311 20.7575 -9.10671
-0.201509 0.766934 0.287782 0.537018
28.155 20.7575 -13.5658
-0.185335 0.798909 0.306412 0.483225
25.0073 24.083 -17.5358
-0.175234 0.823875 0.401658 0.359436
22.0143 26.1169 -22.2872
-0.161268 0.828776 0.442678 0.301924
17.0493 26.1169 -26.0299
-0.119692 0.854978 0.450704 0.227054
11.3294 26.1169 -28.9583
-0.0771212 0.873215 0.4582 0.146974
6.0884 26.1169 -30.4614
-0.0352822 0.879786 0.469424 0.0661253
-0.903212 26.1169 -30.6084
0.013877 0.880344 0.473429 -0.0258044
-9.64518 26.1169 -29.3459
0.0650652 0.872711 0.468454 -0.121214
-16.3518 26.1169 -27.3147
0.111048 0.856761 0.458978 -0.207289
-22.5801 26.1169 -24.0977
0.151984 0.845085 0.398673 -0.322168
-24.9787 28.168 -20.1842
0.216787 0.783196 0.414935 -0.40919
-27.8831 28.168 -14.2412
-0.276836 -0.717551 -0.395922 0.501725
-29.5198 28.168 -5.34712
-0.343364 -0.632479 -0.369413 0.587882
-27.0254 24.1249 0.53818
-0.369629 -0.579384 -0.331259 0.646495
-25.2446 24.1249 9.364
-0.424803 -0.477734 -0.283993 0.714605
-21.4157 24.1249 16.7083
-0.479609 -0.340036 -0.20867 0.781542
-8.56718 17.781 21.737
-0.473131 -0.129472 -0.0705267 0.868568
1.49147 15.6023 21.2294
-0.456702 0.030946 0.0158988 0.888939
11.2587 13.0347 16.3418
-0.440608 0.267681 0.139506 0.845429
18.6872 16.1737 12.6277
-0.430086 0.372466 0.200878 0.797461
24.1313 20.2467 6.57797
-0.36171 0.534041 0.270242 0.714798
23.7057 18.164 -5.59487
-0.310848 0.666075 0.360594 0.574186
23.1724 19.7696 -13.6553
-0.201984 0.795229 0.365204 0.439818
15.9345 18.3283 -19.315
-0.123861 0.86885 0.3938 0.273276
1.8901 20.1199 -24.3185
-0.0111569 0.914498 0.403646 0.025277
-9.43488 20.1199 -22.7897
0.0865906 0.889379 0.407085 -0.189179
-19.0572 20.1199 -15.5281
0.196167 0.803775 0.402497 -0.391739
-21.4446 20.1199 -10.8665
0.243878 0.7516 0.383263 -0.478258
-21.4079 22.0212 -13.6203
0.217548 0.781879 0.395841 -0.429708
-19.0085 22.0212 -16.7269
0.18592 0.812902 0.413781 -0.365253
-16.8735 22.0212 -18.9363
0.169335 0.827898 0.413433 -0.339093
-13.9853 16.5346 -15.5099
0.148671 0.847785 0.399561 -0.315449
-11.4208 11.8489 -12.541
0.143923 0.853683 0.3868 -0.317644
-8.99958 7.62523 -9.73781
0.143923 0.853683 0.3868 -0.317644
-11.6221 13.3904 -12.7595
0.164786 0.827484 0.436492 -0.312394
-15.3321 17.3812 -12.9706
0.192481 0.806522 0.416959 -0.372316
-20.6928 21.6322 -10.3781
0.241671 0.752082 0.374164 -0.485767
-22.9129 21.6322 -4.29849
-0.281575 -0.691918 -0.341608 0.570323
-22.8588 21.6322 4.16152
-0.288654 -0.566141 -0.220881 0.739848
-23.2801 24.0226 10.3463
-0.322126 -0.501728 -0.208469 0.775271
-20.4499 24.0226 15.7888
-0.352357 -0.43153 -0.187979 0.808882
-16.2782 24.0226 20.917
-0.369563 -0.366666 -0.161631 0.838364
-10.3123 24.0226 24.7422
-0.402796 -0.208001 -0.0945284 0.886316
1.72478 24.9144 27.1335
-0.409494 0.0381848 0.0171574 0.911352
13.433 24.9144 24.4234
-0.405413 0.251379 0.116997 0.871069
19.8888 24.9144 17.6765
-0.374813 0.40887 0.189129 0.810291
24.2506 24.9144 10.978
-0.346121 0.527333 0.248268 0.735176
26.6648 27.5184 1.6409
-0.313459 0.669638 0.375666 0.558751
24.4057 27.5184 -10.1742
-0.269446 0.720522 0.375597 0.516889
19.9307 26.1063 -18.7315
-0.20592 0.793927 0.413173 0.395682
10.9328 23.9972 -24.3553
-0.0796701 0.850616 0.501867 0.135033
-0.470905 23.9972 -25.0627
0.035901 0.840078 0.53837 -0.0560203
-12.1864 26.9085 -22.4416
0.146133 0.830129 0.473039 -0.256447
-18.2922 18.5022 -12.7102
0.21538 0.784227 0.397202 -0.425242
-20.0404 18.5022 -7.82851
-0.286811 -0.67873 -0.329874 0.590126
-23.8034 23.1553 -8.31365
-0.266101 -0.702958 -0.326352 0.573179
-24.7407 23.1553 -1.70907
-0.291168 -0.641439 -0.287878 0.648771
-29.5035 29.5534 7.88553
-0.350521 -0.548351 -0.271013 0.709223
-23.6847 28.2974 18.1637
-0.414572 -0.383121 -0.198221 0.801284
-11.2286 23.4554 22.0265
-0.466622 -0.144374 -0.077511 0.869144
-0.25517 23.4554 22.7037
-0.484699 0.036242 0.0201058 0.873699
10.2905 23.4554 18.9528
-0.502008 0.379339 0.259989 0.732458
14.2674 27.3879 8.85964
-0.353704 0.644916 0.452069 0.50459
17.6929 23.3711 -12.6691
-0.188446 0.811459 0.397985 0.384227
15.7534 28.558 -21.1981
-0.148959 0.837482 0.444666 0.280549
5.85047 23.9304 -23.4382
-0.0589245 0.861887 0.493019 0.103011
-11.0011 26.9132 -23.4303
0.123181 0.834521 0.495304 -0.207543
-18.6854 29.5532 -20.2752
0.208398 0.781963 0.478835 -0.340325
-22.687 29.5532 -14.1072
0.274505 0.725401 0.453121 -0.439456
-25.537 29.5532 -6.40592
-0.332187 -0.656573 -0.398207 0.547718
-24.0216 24.8338 -1.00337
-0.348564 -0.629178 -0.375005 0.584816
-22.6252 22.0401 6.92443
-0.398036 -0.53029 -0.309724 0.681492
-22.2885 25.1145 13.8095
-0.440387 -0.438878 -0.261833 0.738166
-18.2642 26.6104 21.9255
-0.403212 -0.305934 -0.145098 0.85016
-15.566 22.7935 20.5513
-0.427041 -0.338087 -0.176079 0.819957
-14.2078 19.6513 19.2096
-0.453219 -0.324715 -0.181681 0.810028
-12.7943 19.6513 20.4992
-0.456457 -0.267935 -0.14634 0.835729
-10.603 19.6513 22.0391
-0.454421 -0.242192 -0.129887 0.847334
-7.7523 19.6513 23.7887
-0.460717 -0.176869 -0.0942448 0.864625
-5.61327 19.6513 24.7021
-0.459348 -0.146297 -0.0770008 0.872736
-2.74068 19.6513 25.6553
-0.463035 -0.0921249 -0.0484625 0.880206
0.550844 19.6513 26.352
-0.464799 -0.0181798 -0.00954602 0.885178
0.798626 23.1736 28.1855
-0.343139 -0.0142225 -0.00519644 0.939163
-5.56487 25.5643 27.686
-0.428204 -0.149273 -0.0719522 0.888359
-10.8869 25.5643 25.6308
-0.431181 -0.205764 -0.101676 0.872586
-15.4537 27.4482 24.3034
-0.429445 -0.275777 -0.139568 0.848554
-20.1638 26.4824 19.8218
-0.404746 -0.299716 -0.142364 0.852105
-23.8692 26.4824 16.5391
-0.386364 -0.381578 -0.179735 0.820254
-22.9242 20.6665 14.3503
-0.273478 -0.42069 -0.134646 0.854459
-18.2328 18.3453 14.9545
-0.228701 -0.386159 -0.0994447 0.888081
-12.1854 17.6377 18.7779
-0.160747 -0.357994 -0.0627112 0.917643
-12.1854 17.6377 18.7779
-0.186983 -0.309606 -0.0622337 0.93022
-12.1854 17.6377 18.7779
-0.200747 -0.275618 -0.0589728 0.93822
-12.1854 17.6377 18.7779
-0.229997 -0.216408 -0.0525383 0.947369
-12.1854 17.6377 18.7779
-0.226061 -0.260686 -0.0629289 0.936471
-12.1854 17.6377 18.7779
-0.204781 -0.351834 -0.0791788 0.90995
-12.1854 17.6377 18.7779
-0.176772 -0.434174 -0.0873161 0.878988
-12.1854 17.6377 18.7779
-0.182538 -0.368752 -0.0740981 0.908411
-12.1854 17.6377 18.7779
-0.190982 -0.315993 -0.0650971 0.927058
-12.1854 17.6377 18.7779
-0.216632 -0.168657 -0.0380264 0.960822
-15.0072 17.6377 17.5009
-0.16174 -0.308383 -0.0532942 0.935895
-15.0072 17.6377 17.5009
-0.162974 -0.359763 -0.0639758 0.91647
-15.0072 17.6377 17.5009
-0.154863 -0.431831 -0.075535 0.885344
-15.0072 17.6377 17.5009
-0.163769 -0.374107 -0.0673023 0.910326
-15.0072 17.6377 17.5009
-0.188476 -0.313351 -0.0636022 0.92857
-15.0072 17.6377 17.5009
-0.211671 -0.23757 -0.0531269 0.946538
-15.8311 17.9856 17.5612
-0.201765 -0.331478 -0.0727946 0.918757
-16.2638 17.9856 17.1628
-0.167823 -0.41229 -0.0775605 0.892097
-16.2638 17.9856 17.1628
-0.17029 -0.454122 -0.0888892 0.869985
-16.2638 17.9856 17.1628
-0.202684 -0.367261 -0.0823407 0.904024
-16.8925 17.9856 16.551
-0.231056 -0.326722 -0.0827115 0.912702
-6.32544 12.5442 18.6753
-0.134265 -0.0873007 -0.0118756 0.987021
-6.72215 13.1707 20.9003
-0.134265 -0.0873007 -0.0118756 0.987021
-8.80021 13.1707 20.0334
-0.0969251 -0.259032 -0.0261354 0.960638
-8.80021 13.1707 20.0334
-0.0809321 -0.379201 -0.0333159 0.921166
-10.0479 13.1707 18.9083
-0.111821 -0.287187 -0.0337779 0.950725
-11.1711 13.1707 18.2105
-0.118069 -0.240242 -0.0294533 0.963056
-13.2518 13.1707 17.1886
-0.147638 -0.216778 -0.0331853 0.964422
-13.5264 13.3719 17.7685
-0.147638 -0.216778 -0.0331854 0.964422
-13.9177 13.6586 18.595
-0.147638 -0.216778 -0.0331854 0.964422
-14.4407 14.0417 19.6996
-0.114039 -0.382976 -0.0477078 0.91545
-14.6342 14.1416 19.9616
-0.14144 -0.294528 -0.0441252 0.944087
-14.9689 14.3359 20.474
-0.155436 -0.244021 -0.0396583 0.95641
-15.3627 14.6573 21.3074
-0.17478 -0.171915 -0.0310089 0.968987
-11.8381 10.0839 15.771
-0.157047 -0.248734 -0.0409088 0.954879
-11.8381 10.0839 15.771
-0.131761 -0.362907 -0.0519184 0.921
-11.8381 10.0839 15.771
-0.116138 -0.461672 -0.0611176 0.877289
-11.8381 10.0839 15.771
-0.141179 -0.385897 -0.059888 0.909706
-11.8381 10.0839 15.771
-0.159392 -0.307036 -0.0522405 0.9368
-11.8381 10.0839 15.771
-0.184176 -0.147463 -0.0279597 0.971366
-14.914 8.55918 15.9517
-0.0456231 -0.244935 -0.0115394 0.968397
-8.05224 8.31304 16.8183
-0.0512087 -0.333593 -0.018151 0.94115
-3.59566 8.78435 24.3267
-0.0420161 -0.295708 -0.01302 0.954265
-8.04255 8.78435 21.2779
-0.0420799 -0.290915 -0.0128086 0.955737
-8.32349 9.04288 23.4706
-0.0557384 -0.126538 -0.0071216 0.990369
-4.38508 11.0574 26.996
-0.085367 -0.0636761 -0.00546702 0.994298
-2.11455 7.53472 26.78
-0.00744358 -0.0170261 -0.000126757 0.999827
-3.16813 0.477724 24.8
-0.0365757 -0.0160805 -0.000588625 0.999201
-0.0793978 -19.3092 31.4467
0.0751524 0.0410919 -0.00309956 0.99632
